4 0.2824519230769231 0.6262019230769231 0.09615384615384616 0.21153846153846154
4 0.26802884615384615 0.453125 0.09615384615384616 0.21394230769230768
4 0.24759615384615385 0.421875 0.08413461538461539 0.27163461538461536
4 0.359375 0.33774038461538464 0.07692307692307693 0.15144230769230768
4 0.5204326923076923 0.34975961538461536 0.0625 0.14903846153846154
4 0.6105769230769231 0.3293269230769231 0.0673076923076923 0.13942307692307693
4 0.6490384615384616 0.29447115384615385 0.052884615384615384 0.1346153846153846
4 0.7199519230769231 0.36538461538461536 0.07692307692307693 0.14423076923076922
4 0.7632211538461539 0.375 0.038461538461538464 0.08173076923076923
4 0.7079326923076923 0.31490384615384615 0.07211538461538461 0.12980769230769232
4 0.1502403846153846 0.49038461538461536 0.04326923076923077 0.11057692307692307
12 0.7884615384615384 0.20793269230769232 0.25961538461538464 0.30528846153846156
