12 0.9795673076923077 0.0733173076923077 0.036057692307692304 0.1466346153846154
10 0.47716346153846156 0.21995192307692307 0.004807692307692308 0.014423076923076924
10 0.5264423076923077 0.6274038461538461 0.004807692307692308 0.007211538461538462
17 0.4423076923076923 0.9206730769230769 0.007211538461538462 0.009615384615384616
11 0.5661057692307693 0.7331730769230769 0.014423076923076924 0.009615384615384616
11 0.5865384615384616 0.4543269230769231 0.019230769230769232 0.019230769230769232
17 0.5733173076923077 0.4699519230769231 0.009615384615384616 0.019230769230769232
10 0.5612980769230769 0.05889423076923077 0.016826923076923076 0.014423076923076924
17 0.4338942307692308 0.8149038461538461 0.009615384615384616 0.019230769230769232
13 0.5348557692307693 0.8641826923076923 0.016826923076923076 0.036057692307692304
17 0.5709134615384616 0.8545673076923077 0.016826923076923076 0.03365384615384615
17 0.5348557692307693 0.921875 0.007211538461538462 0.009615384615384616
17 0.49158653846153844 0.9206730769230769 0.009615384615384616 0.02403846153846154
17 0.5733173076923077 0.6850961538461539 0.007211538461538462 0.014423076923076924
17 0.5625 0.4891826923076923 0.007211538461538462 0.009615384615384616