7 0.49399038461538464 0.6081730769230769 0.10096153846153846 0.052884615384615384
7 0.4495192307692308 0.6141826923076923 0.03365384615384615 0.04567307692307692
17 0.5420673076923077 0.44711538461538464 0.04326923076923077 0.014423076923076924
17 0.5096153846153846 0.5096153846153846 0.04326923076923077 0.014423076923076924
7 0.4170673076923077 0.3173076923076923 0.13942307692307693 0.07932692307692307
11 0.042067307692307696 0.10336538461538461 0.07211538461538461 0.019230769230769232
17 0.38100961538461536 0.359375 0.026442307692307692 0.026442307692307692
17 0.3137019230769231 0.08653846153846154 0.03365384615384615 0.02403846153846154
17 0.4579326923076923 0.39783653846153844 0.03365384615384615 0.014423076923076924
17 0.7163461538461539 0.8930288461538461 0.02403846153846154 0.004807692307692308
17 0.36177884615384615 0.009615384615384616 0.052884615384615384 0.019230769230769232