4 0.7175480769230769 0.6262019230769231 0.09615384615384616 0.21153846153846154
4 0.7319711538461539 0.453125 0.09615384615384616 0.21394230769230768
4 0.7524038461538461 0.421875 0.08173076923076923 0.27163461538461536
4 0.640625 0.33774038461538464 0.07692307692307693 0.15144230769230768
4 0.4795673076923077 0.34975961538461536 0.0625 0.14903846153846154
4 0.3894230769230769 0.3293269230769231 0.0673076923076923 0.13942307692307693
4 0.35096153846153844 0.29447115384615385 0.052884615384615384 0.1346153846153846
4 0.2800480769230769 0.36538461538461536 0.07692307692307693 0.14423076923076922
4 0.23677884615384615 0.375 0.038461538461538464 0.08173076923076923
4 0.2920673076923077 0.31490384615384615 0.07211538461538461 0.12980769230769232
4 0.8497596153846154 0.49038461538461536 0.04326923076923077 0.11057692307692307
12 0.21153846153846154 0.20793269230769232 0.25961538461538464 0.30288461538461536
