10 0.7427884615384616 0.7620192307692307 0.019230769230769232 0.02403846153846154
10 0.7367788461538461 0.06490384615384616 0.021634615384615384 0.0625
10 0.6274038461538461 0.30649038461538464 0.004807692307692308 0.009615384615384616
10 0.4639423076923077 0.28725961538461536 0.004807692307692308 0.009615384615384616
10 0.42908653846153844 0.36778846153846156 0.019230769230769232 0.028846153846153848
10 0.3473557692307692 0.3629807692307692 0.004807692307692308 0.009615384615384616
10 0.26802884615384615 0.0673076923076923 0.009615384615384616 0.014423076923076924
10 0.1346153846153846 0.18509615384615385 0.02403846153846154 0.052884615384615384
10 0.7259615384615384 0.703125 0.01201923076923077 0.009615384615384616
17 0.4026442307692308 0.44711538461538464 0.0625 0.0673076923076923
10 0.6983173076923077 0.4230769230769231 0.007211538461538462 0.009615384615384616